100
0.051748 -0.484108 0.000000 0.873477
-0.237438 0.027867 0.000000 0.971003
0.062001 0.790272 0.000000 0.609611
-0.583263 0.708547 0.000000 0.397197
-0.672811 -0.164521 0.000000 0.721289
-0.725328 -0.454411 0.000000 0.517117
-0.993187 0.112156 0.000000 -0.031627
-0.796476 0.583673 0.000000 -0.157961
-0.711409 0.079935 0.000000 0.698218
-0.966811 0.008708 0.000000 0.255344
-0.507378 0.672383 0.000000 0.538951
-0.369724 0.575739 0.000000 0.729266
-0.832099 0.493355 0.000000 0.253402
-0.516446 0.717675 0.000000 -0.467148
0.402626 0.869406 0.000000 -0.286403
0.657435 0.734050 0.000000 -0.170148
0.291525 0.814854 0.000000 -0.501026
-0.309343 0.945783 0.000000 -0.099008
0.593876 0.747708 0.000000 -0.297058
0.726954 0.679384 0.000000 0.099880
0.590845 0.628362 0.000000 -0.506027
0.605576 0.693670 0.000000 -0.390000
0.823534 0.425157 0.000000 -0.375544
0.236083 0.965930 0.000000 0.106038
0.528901 0.811707 0.000000 0.247782
-0.126927 0.861383 0.000000 0.491843
-0.870060 0.488868 0.000000 -0.063271
-0.428012 0.812539 0.000000 0.395709
-0.588848 0.176584 0.000000 0.788718
-0.159025 -0.366516 0.000000 0.916721
0.227507 -0.732117 0.000000 0.642064
-0.282146 -0.517974 0.000000 0.807525
0.433239 -0.656914 0.000000 0.617064
0.736049 -0.527849 0.000000 0.423802
0.780795 -0.469506 0.000000 0.412217
-0.049215 -0.804993 0.000000 0.591239
0.608726 -0.745977 0.000000 0.270131
-0.041714 -0.975248 0.000000 -0.217144
0.454339 -0.702368 0.000000 0.547956
0.328580 -0.783954 0.000000 0.526736
-0.412313 -0.908854 0.000000 -0.063101
-0.754094 -0.395915 0.000000 0.524017
-0.569035 0.233698 0.000000 0.788406
0.371223 0.103737 0.000000 0.922731
0.942990 -0.029061 0.000000 0.331548
0.439100 0.740353 0.000000 0.508988
0.406970 0.205951 0.000000 0.889921
-0.289350 0.175991 0.000000 0.940906
-0.579095 0.441435 0.000000 0.685408
-0.159437 0.935736 0.000000 0.314607
-0.658151 0.683865 0.000000 -0.314905
-0.471517 0.575018 0.000000 -0.668600
-0.715425 -0.100557 0.000000 -0.691415
-0.988495 0.088176 0.000000 -0.122892
-0.865108 -0.212495 0.000000 -0.454350
-0.528422 -0.845270 0.000000 0.079306
-0.207727 -0.751188 0.000000 -0.626552
-0.592466 -0.795393 0.000000 -0.127804
-0.567891 -0.740369 0.000000 -0.359658
-0.701620 -0.527623 0.000000 0.478898
-0.052580 -0.846275 0.000000 0.530146
-0.406178 -0.823750 0.000000 -0.395545
0.503685 -0.624615 0.000000 -0.596790
-0.366174 -0.620574 0.000000 -0.693400
-0.229950 -0.972993 0.000000 0.020172
-0.925298 -0.355608 0.000000 -0.131778
-0.430507 -0.157305 0.000000 -0.888774
0.096846 -0.478847 0.000000 -0.872540
0.099250 -0.879544 0.000000 -0.465351
-0.011821 -0.628454 0.000000 -0.777757
0.649737 -0.720048 0.000000 -0.243667
0.625097 -0.465031 0.000000 -0.626897
0.730616 -0.672246 0.000000 -0.119524
0.589801 -0.074530 0.000000 -0.804102
0.165221 0.477439 0.000000 -0.862991
-0.621237 0.699026 0.000000 -0.354157
0.145050 0.687001 0.000000 -0.712032
0.424750 0.049535 0.000000 -0.903954
-0.365226 -0.451757 0.000000 -0.813957
-0.766326 0.263699 0.000000 -0.585839
-0.833503 0.230427 0.000000 -0.502171
-0.864213 -0.447129 0.000000 0.230676
-0.812580 -0.460725 0.000000 -0.356995
-0.865864 -0.465972 0.000000 -0.182069
-0.954333 -0.287830 0.000000 -0.080009
-0.325850 -0.763208 0.000000 -0.557974
-0.798290 -0.372342 0.000000 -0.473387
-0.333616 0.044763 0.000000 -0.941646
-0.439019 -0.653201 0.000000 -0.616920
-0.605597 -0.733988 0.000000 0.307429
-0.285760 -0.417896 0.000000 0.862383
0.348294 -0.832354 0.000000 0.431137
-0.569668 -0.658397 0.000000 0.491926
-0.795198 -0.129395 0.000000 0.592382
-0.566857 0.707444 0.000000 0.422133
-0.500835 -0.077719 0.000000 0.862046
0.292392 0.510773 0.000000 0.808466
0.276672 0.087541 0.000000 0.956969
0.725073 0.459028 0.000000 0.513383
0.845522 -0.013775 0.000000 0.533763
