300
-0.700132 0.309253 0.406588 0.498862
-0.404725 -0.163969 0.493680 0.752059
-0.359659 0.494693 0.714938 0.338804
0.350688 0.728581 0.545597 -0.220251
-0.493244 0.435334 0.750025 0.068241
-0.589095 -0.308705 0.656474 0.355964
-0.687140 -0.437407 -0.019737 0.579762
-0.573419 -0.730963 0.192708 -0.315828
0.067182 -0.779015 -0.266426 -0.563594
0.617693 -0.434702 -0.621278 -0.208574
0.635272 -0.361793 -0.646293 -0.218724
0.322257 -0.654173 -0.669433 -0.141657
0.166564 -0.634578 -0.315913 -0.685395
0.799415 -0.247948 -0.450202 -0.311089
0.821408 -0.141775 -0.531740 0.149801
0.870954 -0.237686 -0.429569 -0.020370
0.662339 0.346423 -0.424510 0.510969
0.447145 0.495469 -0.533191 0.519884
0.651227 0.484981 -0.512836 -0.278741
0.589395 0.570449 -0.546300 0.169580
0.902383 0.286958 0.117134 -0.299399
0.552638 -0.306185 0.261435 -0.729722
0.327483 -0.559629 0.048654 -0.759738
0.082743 -0.458030 0.663298 -0.586001
-0.691304 -0.440264 0.076365 -0.567834
-0.651922 -0.734050 0.025999 0.188393
-0.056403 -0.660303 0.728019 0.175519
-0.103651 -0.468721 0.066376 0.874729
-0.612040 -0.058284 -0.498979 0.610762
-0.960694 -0.189081 0.000603 0.203262
-0.469313 -0.560316 -0.336394 0.593827
0.057567 -0.035426 -0.190413 0.979374
-0.688805 0.199597 -0.409378 0.564019
-0.745878 -0.102351 -0.508688 0.417645
-0.970897 0.003702 -0.239463 0.001322
-0.815393 0.165246 -0.554601 0.015670
-0.589000 -0.007663 -0.553782 -0.588511
-0.605735 0.486053 -0.261721 -0.573010
-0.702779 0.523502 -0.481266 -0.020763
-0.184366 0.564123 -0.501024 -0.629881
-0.264481 0.711778 -0.649700 -0.036216
-0.430085 0.774670 -0.122572 0.447090
-0.519119 0.796890 0.089851 0.295649
0.256370 0.602213 0.516644 0.551989
0.003875 0.638605 0.714727 0.285192
-0.559980 0.513852 0.214700 0.613418
0.086991 0.663847 0.265575 0.693693
0.449685 0.440034 0.670951 0.392400
0.208955 -0.314407 0.924728 -0.048620
0.231654 0.194465 0.922259 0.240746
-0.059221 0.268226 0.780828 0.561120
0.654686 0.401529 0.106993 0.631437
0.407886 0.201242 0.667622 0.589415
0.397468 -0.402453 -0.046477 0.823341
0.694245 0.113589 0.370854 0.606291
-0.064520 0.407781 0.674958 0.611542
0.253601 0.186427 0.571611 0.757755
-0.487529 0.184936 0.668864 0.529845
-0.608118 0.448334 0.568100 -0.326270
-0.591811 0.556399 0.572632 -0.110784
0.088720 0.581882 0.752820 0.294626
-0.234730 0.726878 0.389889 -0.514332
-0.297405 -0.138566 0.465438 -0.822020
-0.830138 -0.444475 0.196985 -0.272965
-0.873423 0.355998 0.327910 -0.053593
-0.438774 0.797199 -0.360703 0.204560
0.409135 0.732639 -0.165788 0.518038
0.740345 0.658967 -0.003865 0.132803
0.243165 0.668893 -0.322165 0.624230
0.230024 0.612687 0.572242 0.494209
0.532096 0.071632 0.532377 0.654460
0.373351 0.758349 -0.141782 0.515182
-0.241716 0.762532 -0.363937 0.477146
-0.534235 0.419966 -0.192765 0.707858
-0.001622 0.616266 -0.669839 0.414161
0.036671 0.658573 0.237345 0.713165
0.537620 0.506325 0.333710 0.585864
-0.156775 0.646487 0.521742 0.534099
0.057507 0.832727 -0.350682 0.424595
0.319627 0.599051 0.530489 0.507502
-0.333947 0.540506 0.642854 0.427867
-0.595467 0.733135 0.324090 0.053829
-0.913444 0.042490 0.012187 -0.404557
-0.442907 -0.579199 -0.351366 -0.587285
-0.582059 -0.531722 -0.571478 0.227800
-0.898537 -0.199339 -0.070201 0.384665
-0.619786 -0.523986 -0.461029 0.358826
0.075391 -0.586743 -0.657950 0.465995
0.142433 -0.702264 -0.594141 -0.365424
-0.592976 -0.587512 -0.316085 -0.450888
-0.384569 -0.047504 -0.486416 -0.783102
-0.274587 -0.438927 -0.701122 -0.490278
-0.474911 -0.377507 -0.321051 -0.727237
-0.747009 0.017583 -0.568976 -0.343417
-0.366611 0.212788 -0.620123 -0.660125
-0.348684 0.044896 -0.450606 -0.820584
-0.376885 0.475068 -0.667062 -0.432779
-0.592828 0.179571 -0.491438 -0.612207
-0.303211 -0.019748 -0.741877 -0.597739
-0.658167 0.121481 -0.242741 -0.702236
-0.551508 0.250669 0.590273 -0.533462
-0.881539 -0.058462 0.261302 -0.388835
-0.592001 -0.734893 0.330620 0.012548
-0.597341 -0.677042 -0.092985 -0.419703
-0.220841 -0.232401 -0.893026 -0.315791
-0.698400 -0.069519 -0.392462 -0.594456
-0.226568 -0.129374 -0.359809 -0.895805
-0.381368 -0.493750 -0.485387 -0.612510
-0.915689 0.014417 -0.169847 -0.363948
-0.527047 -0.260067 -0.625387 -0.513301
-0.405158 0.360134 -0.825655 -0.156349
-0.464835 0.599601 -0.168925 -0.629183
0.237230 0.744047 -0.226419 -0.582108
0.696870 0.694569 -0.130077 -0.122579
0.173483 0.821729 -0.234806 0.489419
0.456412 0.670127 0.570071 0.132802
0.736852 0.606483 -0.289590 0.073252
0.992324 0.068873 -0.068376 -0.076643
0.594471 -0.403133 -0.674577 -0.170397
0.574285 -0.512176 -0.206078 -0.604487
0.483091 -0.767347 0.413967 0.080210
-0.360386 -0.504018 0.693997 0.366683
-0.028017 0.186571 0.700675 0.688085
-0.195365 0.678664 0.610644 0.358276
0.606109 0.738035 0.294610 0.033778
0.544322 0.686395 -0.482253 0.002697
0.718992 0.637059 -0.076652 0.267078
0.619279 0.413496 0.638356 0.194977
0.667738 0.462769 0.001166 0.583068
0.615926 0.142842 -0.541377 0.554204
0.577118 -0.502760 -0.579701 0.279488
-0.281255 -0.461698 -0.633235 0.553845
-0.622232 -0.102018 -0.722572 -0.283389
-0.407596 0.367121 -0.823004 0.147487
-0.550248 0.009864 -0.629590 -0.548404
-0.149666 0.636759 -0.748282 -0.110508
0.480772 0.628835 -0.433982 -0.430214
0.180658 0.574928 -0.201092 -0.772258
0.144722 0.911722 -0.129207 -0.362112
-0.136149 0.834557 -0.528260 0.076944
-0.276567 0.848657 -0.032588 0.449700
-0.868660 0.313700 0.058681 0.378918
-0.638599 0.191451 -0.741335 0.077206
-0.643196 -0.451178 -0.529598 0.319786
-0.676254 -0.588290 -0.344637 -0.278965
-0.708590 -0.273081 -0.252333 -0.599713
-0.491572 -0.768909 -0.365613 -0.182930
-0.417653 0.082705 -0.696847 -0.577174
0.329436 0.495079 -0.318341 -0.738260
-0.165065 0.651675 -0.677894 -0.297545
-0.293055 0.462200 -0.782943 -0.295788
-0.522441 -0.356141 -0.443927 -0.634939
-0.283900 -0.534805 -0.218539 -0.765262
-0.643657 0.173907 -0.357576 -0.653913
-0.255244 0.661930 -0.516504 -0.479502
-0.062862 -0.155133 -0.956059 -0.240692
-0.084716 -0.285770 -0.629234 -0.717790
-0.227099 0.235512 -0.291329 -0.898937
-0.619749 -0.052327 -0.253905 -0.740747
-0.650087 -0.479410 0.093839 -0.582020
-0.592563 -0.563054 0.106356 -0.566152
-0.344180 -0.592239 -0.348681 -0.639699
-0.657759 -0.271151 -0.102394 -0.695230
-0.356375 0.084854 -0.655602 -0.660290
-0.464540 -0.735237 -0.345501 -0.352504
0.303256 -0.623038 -0.720958 -0.008878
0.410112 0.269689 -0.856049 -0.162036
0.139024 -0.291722 -0.728284 -0.604295
0.637513 -0.553293 -0.023215 -0.535636
0.408794 -0.392987 -0.582049 -0.582810
-0.468434 -0.245133 -0.625796 -0.573462
0.348323 -0.039094 -0.664373 -0.660115
0.257428 -0.515759 0.150505 -0.803164
0.137572 -0.226477 0.822508 -0.503252
0.217386 0.116662 0.541940 -0.803389
0.241187 0.490258 0.557239 -0.625268
0.045360 0.538114 0.793358 0.280997
0.478279 -0.137976 0.491218 0.714785
0.583513 -0.258755 0.747024 -0.185777
0.312979 -0.071827 0.667015 0.672291
0.392823 -0.824503 0.282819 0.293085
-0.146910 -0.722462 0.649783 -0.185061
-0.263283 -0.154997 0.591401 -0.746260
0.165687 0.612278 0.533117 -0.559866
0.092462 0.068069 0.618451 -0.777390
-0.072431 0.201084 0.805305 -0.552994
0.519541 0.427051 0.478793 -0.564324
0.253876 0.839464 0.252633 -0.408686
-0.023263 0.819781 -0.572194 0.003489
0.216114 0.324595 -0.528488 -0.754078
0.500417 0.499862 -0.645294 -0.288646
0.615743 -0.444393 -0.637566 -0.129939
0.953536 -0.219927 0.148263 -0.142896
0.877551 -0.036508 0.413774 0.239507
0.978119 -0.152976 0.140077 0.016124
0.503135 0.219726 0.280832 0.787216
0.777582 0.059256 0.197864 0.593889
0.530024 -0.750391 0.098947 0.382358
0.673497 -0.518248 0.514258 0.115583
0.033739 -0.745658 0.617822 0.247288
0.411271 -0.697251 0.543299 -0.222537
0.054287 -0.676359 0.481322 -0.554906
-0.442772 -0.336382 0.113878 -0.823305
-0.418902 0.561325 -0.123024 -0.703066
-0.416768 0.648584 -0.517928 -0.370666
-0.379099 0.227111 -0.737428 -0.510788
0.160716 0.405501 -0.027898 -0.899423
-0.033857 0.117186 0.598007 -0.792155
-0.276516 0.525651 -0.276968 -0.755327
-0.035923 0.301882 0.481969 -0.821756
0.491688 0.188793 0.597100 -0.605039
0.591537 -0.683424 0.348747 -0.247771
0.636338 -0.609666 -0.422960 0.210916
0.921169 -0.263969 0.257722 -0.123882
0.505682 0.271728 0.423784 -0.700612
-0.014008 -0.006767 0.615832 -0.787724
0.443658 0.520266 0.434157 -0.586514
0.554620 0.207305 0.742698 -0.312764
0.484668 0.187979 0.030634 -0.853711
0.160064 0.132756 0.783233 -0.585919
0.382878 -0.064935 0.555592 -0.735190
0.141915 -0.783423 -0.054295 -0.602628
-0.036543 -0.626905 -0.462125 -0.626175
-0.406020 -0.001599 -0.698463 -0.589317
-0.138624 0.284966 -0.939488 0.130154
0.684742 0.429893 -0.556412 -0.191639
-0.224861 0.595316 -0.681962 -0.360506
-0.411542 -0.110776 -0.594908 -0.681503
-0.374266 0.459460 -0.774954 -0.219699
0.057832 0.426229 -0.587976 -0.685032
0.619785 0.299273 -0.720253 0.086819
0.744734 -0.038572 -0.599498 -0.290664
0.670527 -0.577532 -0.297634 -0.358139
0.919122 -0.083301 -0.090151 -0.374364
0.553984 0.529265 -0.485218 -0.421361
0.585335 0.639592 -0.443944 -0.226317
0.737349 -0.117825 -0.477531 -0.463031
0.783409 -0.308266 -0.509261 0.178593
0.731567 0.143476 -0.581765 0.325229
0.419821 -0.526167 -0.739500 -0.006202
0.280643 -0.391055 -0.513088 0.710673
0.700790 -0.575944 -0.021542 0.420378
0.847895 -0.379691 -0.267257 0.255894
0.739614 0.532018 -0.209091 0.355260
0.643625 0.444501 -0.128300 0.609676
0.519039 0.261002 0.640226 0.502580
0.518763 0.258841 0.604353 0.546483
0.659668 0.396754 0.630120 0.101848
0.630890 -0.270559 0.453788 -0.568201
0.132429 -0.882632 0.096826 -0.440508
0.736154 -0.643961 -0.189464 0.086575
0.828458 -0.248202 -0.009538 0.501959
0.292362 0.084919 -0.718181 0.625723
0.395654 -0.496339 -0.245831 0.732579
0.805257 0.034784 0.153909 0.571544
0.365525 -0.694480 0.268396 0.558616
-0.317839 -0.727705 0.549640 0.259462
-0.669965 -0.628275 -0.271968 0.287143
0.008869 -0.892348 0.365920 0.264082
-0.347848 -0.212552 0.578346 0.706639
0.271611 -0.746244 0.586577 0.158980
0.482316 -0.334372 0.805713 0.079958
0.424259 0.367014 0.807295 0.183248
0.319705 0.505004 0.470593 0.649078
0.521157 0.614752 0.364029 0.466860
0.177182 0.458682 -0.267831 0.828543
0.576563 0.163092 -0.165044 0.783413
0.785486 -0.503802 -0.000460 0.359436
0.427350 -0.085715 -0.347544 0.830204
0.105572 -0.264443 -0.630919 0.721710
-0.016906 -0.857641 0.097606 0.504617
0.455828 -0.513877 -0.302731 0.660686
0.700217 0.050187 -0.172234 0.691023
0.083452 -0.642656 -0.057139 0.759450
0.541726 -0.790229 -0.285266 0.026364
0.717526 -0.355253 0.208000 0.561860
0.627877 -0.448089 0.540356 -0.336157
0.664361 -0.732836 -0.004500 -0.146817
0.513479 -0.768556 -0.331123 0.189783
0.029747 -0.411793 -0.423436 0.806377
-0.088007 -0.620227 0.414222 0.660297
0.523697 -0.508374 -0.315439 0.606462
0.805885 -0.144982 -0.486718 0.304360
0.751514 -0.190088 -0.616968 -0.135809
0.695464 -0.377661 -0.564665 0.234212
-0.043612 -0.549251 -0.736450 0.392508
0.710693 -0.074015 -0.676843 0.176978
0.703251 0.049155 -0.593699 0.387999
0.611411 -0.391184 -0.631670 0.272296
0.248213 0.452867 -0.810488 0.276426
-0.637841 0.601065 -0.468084 0.113034
-0.632221 0.621900 0.437622 -0.148405
-0.803358 0.196755 -0.267391 -0.494374
-0.461736 -0.583605 -0.625041 -0.235645
0.201669 -0.601298 -0.725732 -0.266613
-0.307913 -0.514609 -0.683797 0.415680
-0.164906 -0.269299 -0.872146 0.373692
-0.150476 -0.324345 -0.928020 0.104575
-0.489647 0.392138 -0.762684 0.157439
-0.803209 -0.281866 -0.498728 -0.163329
