r[1]: (0.117269,1.341364,0.603852)
r[2]: (-0.154625,0.937988,0.467720)
r[3]: (-1.589517,0.290131,-0.505682)
r[4]: (1.560120,-0.522064,-0.837246)
s[2]: (-0.154625,0.937988,0.467720)
t[2]: (0.351808,4.024093,1.811556)
u[2]: (0.703616,8.048186,3.623112)
norm: 1.059477
foo1: -0.352980
foo2: 0.454945
foo3: -0.072150
foo4: -0.072150
st: (-0.182932,0.444659,-0.952217)
a[2]: (-0.058274,-2.934290,-1.691794)
b[2]: (-0.096351,3.872278,2.159514)
c[2]: (0.000000,0.000000,0.000000)
s[3]: (-1.589517,0.290131,-0.505682)
t[3]: (-0.367524,-1.058315,-0.756353)
u[3]: (-0.542345,-9.861187,-5.831735)
norm: 1.693060
foo1: -0.045236
foo2: 0.391410
foo3: -0.009579
foo4: -0.009579
st: (-0.754613,-1.016386,1.788840)
a[3]: (-2.419382,1.350084,4.335766)
b[3]: (0.829865,-1.059953,-4.841448)
c[3]: (0.000000,0.000000,0.000000)
s[4]: (1.560120,-0.522064,-0.837246)
t[4]: (-5.598415,1.930346,3.324402)
u[4]: (-12.856560,5.980598,16.331699)
norm: 1.845943
foo1: 0.827248
foo2: 0.373202
foo3: 0.177190
foo4: 0.177190
st: (-0.119375,-0.499215,0.088842)
a[4]: (8.156240,-6.388383,-6.874241)
b[4]: (-6.596120,5.866319,6.036994)
c[4]: (0.000000,0.000000,0.000000)
Point samples from Lie curve:
(-0.308946,-0.533351,0.000000,0.787457)
(0.308958,0.533378,0.000000,-0.787431)
(0.309033,0.533578,0.000000,-0.787266)
(0.309239,0.534122,0.000000,-0.786816)
(0.309639,0.535180,0.000000,-0.785939)
(0.310296,0.536922,0.000000,-0.784491)
(0.311274,0.539515,0.000000,-0.782322)
(0.312632,0.543123,0.000000,-0.779278)
(0.314427,0.547903,0.000000,-0.775198)
(0.316713,0.554007,0.000000,-0.769912)
(0.319536,0.561575,0.000000,-0.763234)
(0.322936,0.570734,0.000000,-0.754964)
(0.326945,0.581597,0.000000,-0.744881)
(0.331581,0.594252,0.000000,-0.732744)
(0.336850,0.608765,0.000000,-0.718284)
(0.342741,0.625169,0.000000,-0.701205)
(0.349223,0.643455,0.000000,-0.681179)
(0.356238,0.663571,0.000000,-0.657848)
(0.363705,0.685406,0.000000,-0.630820)
(0.371505,0.708781,0.000000,-0.599675)
(0.379483,0.733438,0.000000,-0.563966)
(0.387441,0.759026,0.000000,-0.523226)
(0.395129,0.785084,0.000000,-0.476984)
(0.402243,0.811029,0.000000,-0.424771)
(0.408421,0.836137,0.000000,-0.366149)
(0.413234,0.859531,0.000000,-0.300737)
(0.416186,0.880167,0.000000,-0.228241)
(0.416877,0.892696,-0.000020,-0.171188)
(0.417487,0.893507,-0.000411,-0.165368)
(0.418785,0.895154,-0.001248,-0.152691)
(0.420616,0.897302,-0.002462,-0.133878)
(0.422797,0.899556,-0.003984,-0.109647)
(0.425135,0.901503,-0.005747,-0.080730)
(0.427441,0.902740,-0.007678,-0.047881)
(0.429548,0.902912,-0.009707,-0.011877)
(0.431318,0.901733,-0.011762,0.026477)
(0.432656,0.899007,-0.013773,0.066357)
(0.433511,0.894643,-0.015668,0.106927)
(0.433890,0.888663,-0.017380,0.147353)
(0.433851,0.881202,-0.018844,0.186814)
(0.433503,0.872506,-0.019998,0.224513)
(0.433007,0.862921,-0.020784,0.259690)
(0.432566,0.852874,-0.021144,0.291623)
(0.432415,0.842857,-0.021027,0.319634)
(0.432812,0.833398,-0.020380,0.343082)
(0.434026,0.825033,-0.019149,0.361348)
(0.436322,0.818277,-0.017279,0.373825)
(0.439940,0.813582,-0.014708,0.379893)
(0.445081,0.811302,-0.011368,0.378894)
(0.451880,0.811647,-0.007181,0.370109)
(0.460382,0.814628,-0.002060,0.352738)
(0.464163,0.816538,0.001328,0.343241)
(0.466193,0.817749,0.008265,0.337460)
(0.470011,0.819489,0.020405,0.327272)
(0.475583,0.821169,0.036915,0.313266)
(0.482858,0.822172,0.056955,0.296031)
(0.491787,0.821903,0.079669,0.276171)
(0.502347,0.819821,0.104196,0.254325)
(0.514549,0.815466,0.129666,0.231167)
(0.528446,0.808476,0.155215,0.207406)
(0.544138,0.798586,0.179990,0.183780)
(0.561769,0.785624,0.203158,0.161043)
(0.581517,0.769487,0.223913,0.139958)
(0.603582,0.750113,0.241475,0.121273)
(0.628164,0.727435,0.255092,0.105714)
(0.655429,0.701335,0.264025,0.093971)
(0.685474,0.671589,0.267544,0.086675)
(0.718267,0.637800,0.264916,0.084388)
(0.753583,0.599345,0.255398,0.087569)
(0.790914,0.555316,0.238239,0.096544)
(0.829357,0.504481,0.212709,0.111444)
(0.867492,0.445264,0.178152,0.132129)
(0.903233,0.375774,0.134079,0.158073)
(0.933672,0.293893,0.080331,0.188226)
(0.954956,0.197471,0.017300,0.220827)
(0.958206,0.167161,0.001361,0.232156)
(0.957433,0.153011,0.007133,0.244660)
(0.955287,0.129390,0.016863,0.265330)
(0.950804,0.098019,0.029915,0.292352)
(0.943053,0.060682,0.045627,0.323864)
(0.931368,0.019265,0.063309,0.358014)
(0.915517,-0.024252,0.082260,0.393031)
(0.895797,-0.067832,0.101784,0.427302)
(0.873066,-0.109449,0.121224,0.459436)
(0.848706,-0.147143,0.139987,0.488314)
(0.824525,-0.179070,0.157563,0.513094)
(0.802614,-0.203515,0.173530,0.533178)
(0.785169,-0.218862,0.187541,0.548122)
(0.774284,-0.223520,0.199290,0.557500)
(0.771725,-0.215817,0.208460,0.560720)
(0.778644,-0.193891,0.214654,0.556815)
(0.795232,-0.155603,0.217324,0.544209)
(0.820261,-0.098556,0.215696,0.520512)
(0.850479,-0.020299,0.208734,0.482393)
(0.879869,0.081160,0.195160,0.425625)
(0.898853,0.206368,0.173583,0.345463)
(0.893680,0.352842,0.142814,0.237576)
(0.846500,0.512832,0.102419,0.099758)
(0.736933,0.670663,0.053556,-0.065360)
(-0.546269,-0.800437,0.000000,0.246760)
Covariant acceleration of Lie curve: 12.345017
