27
-0.591221   0.621559   0.000000   -0.513929 
-0.644087   -0.110002  0.000000   -0.757002 
-0.746217   -0.665545  0.000000   -0.014494 
-0.849863   -0.526987  0.000000   0.004138  
-0.659415  -0.741163  0.000000  -0.125894  
-0.763093  -0.523902  0.000000  0.378439  
-0.686792  -0.593972  0.000000  0.418944  
-0.947966  0.258084  0.000000  0.186425  
-0.385331  0.356457  0.000000  0.851151  
-0.552231  -0.557438  0.000000  0.619922 
-0.655764  -0.571685  0.000000  0.493103
-0.358492  -0.783339  0.000000  0.507803
-0.796018  -0.588602  0.000000  0.141077
-0.396783  -0.383676  0.000000  0.833880
-0.363943  0.516118  0.000000  0.775350 
-0.257733  0.387097  0.000000  0.885285 
-0.558796  0.405748  0.000000  0.723267 
-0.848707  0.475310  0.000000  0.231898 
-0.862852  0.499557  0.000000  0.077006 
-0.449649  0.250925  0.000000  0.857235 
-0.762769  -0.096543  0.000000  0.639424
-0.285585  0.479989  0.000000  0.829489 
-0.933612  0.339131  0.000000  0.115578 
-0.623466  0.690559  0.000000  -0.366631
-0.045038  0.780622  0.000000  -0.623378
0.665605  0.483994  0.000000  -0.568084 
0.604443  -0.467280  0.000000  -0.645212
