95
-0.252243 0.519771 0.714296 -0.394960
-0.792110 -0.177470 0.513252 0.278638
-0.625166 -0.760989 0.043847 0.167754
0.148978 -0.731893 -0.577031 -0.330415
-0.411067 -0.010587 -0.562169 0.717549
0.415470 -0.269756 -0.803375 0.330461
-0.325219 -0.430017 -0.737786 -0.406190
0.044060 0.739990 -0.416857 -0.526026
0.569578 0.258694 0.325546 -0.708999
0.680703 0.376289 0.627448 0.036856
0.167008 0.652046 -0.463005 0.576689
0.590840 0.456834 -0.557956 0.361795
0.297123 0.829515 -0.197780 -0.429541
-0.081247 0.721845 -0.494801 0.476982
0.241792 0.664311 -0.706796 -0.025837
0.119454 -0.430490 -0.655289 0.609102
-0.522467 -0.556749 0.478494 0.433706
-0.459561 -0.546249 -0.679694 -0.168618
-0.638507 -0.206315 -0.739525 -0.053336
-0.441264 -0.611122 -0.347952 -0.557445
0.708942 -0.635312 -0.303456 -0.041159
0.475328 -0.411106 0.594592 -0.501513
0.677226 0.625732 -0.231225 -0.310418
0.331249 0.315413 0.876722 -0.148822
0.172899 -0.374845 0.191564 -0.890450
-0.030099 -0.392149 0.595454 -0.700534
-0.667175 -0.708150 0.172755 0.153484
-0.361015 -0.387732 0.265157 -0.805620
-0.623451 -0.198147 0.682862 -0.325186
-0.705881 0.497573 0.487242 0.129418
-0.398181 -0.676356 0.559133 -0.267143
0.540499 -0.416425 0.731038 -0.005891
-0.485702 -0.367413 0.624104 0.489485
0.605005 0.432796 0.241930 0.622998
0.288724 -0.726683 0.561415 0.270895
-0.445996 -0.846548 -0.070692 0.281864
-0.508106 -0.609318 -0.452517 -0.407171
0.794339 -0.535420 -0.286946 0.003538
0.332966 -0.222783 -0.873831 0.275537
0.568193 -0.141120 -0.654786 -0.478013
0.580004 -0.744858 0.071366 0.322008
0.603269 -0.690263 -0.398235 0.031834
-0.614693 -0.343330 -0.396721 -0.588973
-0.717241 -0.050907 -0.655203 -0.231695
-0.132372 0.631875 -0.572362 -0.505582
-0.339555 0.022978 -0.940108 0.019248
-0.644728 0.404161 -0.069457 -0.645101
-0.609982 -0.459228 0.629176 0.145495
-0.538401 0.514969 0.306193 0.592602
0.156508 0.812811 -0.488392 -0.276254
0.322063 0.283822 -0.281413 0.858212
0.232169 -0.696050 -0.421569 0.532815
0.674041 -0.407365 -0.315246 -0.529473
0.421808 -0.205411 -0.883099 0.004568
0.464276 0.315809 -0.711434 -0.422580
0.231899 0.386706 -0.084755 -0.888537
-0.073821 -0.384703 0.648512 -0.652676
0.484414 -0.301947 0.738421 -0.359033
0.433687 -0.528470 0.711045 0.164467
0.052947 -0.573261 0.594035 0.561863
-0.906847 -0.137469 0.397885 -0.020456
-0.167070 -0.468199 -0.219149 -0.839554
-0.383892 0.485797 0.563392 -0.547008
-0.391898 0.469707 0.350393 0.709236
0.035274 0.654492 0.376383 0.654777
0.354831 0.518988 -0.523258 0.575280
0.674582 -0.441439 0.161706 0.569142
0.462615 -0.492964 0.382826 -0.629617
-0.152954 -0.914444 -0.113952 0.356949
0.454118 -0.243075 0.630973 0.580142
-0.078247 -0.505976 -0.530905 0.675282
-0.273389 -0.443926 -0.682075 0.512798
-0.719368 -0.213578 -0.577285 -0.321926
-0.245719 0.452705 0.360989 -0.777411
-0.397227 -0.566431 0.657641 -0.298118
0.257819 -0.664937 0.599877 0.362679
-0.939416 -0.039687 0.337761 0.042899
-0.440160 0.220541 -0.562089 0.664587
-0.077658 0.475250 -0.861873 -0.159002
0.837022 0.374947 -0.018137 0.398096
0.628276 -0.667525 -0.315110 0.245734
-0.368962 -0.436666 0.133853 0.809489
-0.382260 0.362792 -0.218385 0.821321
-0.043669 0.731853 -0.542912 -0.409550
-0.388444 -0.334105 -0.565138 -0.646609
0.595433 -0.274590 -0.502284 -0.563711
0.700502 -0.072816 -0.649957 0.285570
-0.097918 0.603090 0.088428 0.786686
0.489686 -0.306763 0.416991 0.701585
0.552768 0.392770 0.472144 0.563258
0.509078 0.410350 0.494490 0.572654
-0.524305 -0.404193 0.688198 0.296841
-0.420108 0.607778 -0.101085 0.666256
-0.418644 -0.666314 -0.344368 0.512029
0.686735 -0.327922 -0.482981 0.433118
