100
-0.888151 0.366103 0.000000 -0.277768
-0.613655 0.789293 0.000000 -0.021053
-0.527278 0.358807 0.000000 -0.770217
-0.680445 -0.261608 0.000000 -0.684511
-0.763269 -0.289326 0.000000 -0.577677
-0.832653 -0.411722 0.000000 -0.370370
-0.704479 -0.592842 0.000000 -0.390190
-0.892934 -0.312567 0.000000 -0.323991
-0.577134 -0.634189 0.000000 0.514510
-0.767385 -0.410629 0.000000 0.492448
-0.145617 0.019812 0.000000 0.989143
-0.680563 -0.234426 0.000000 0.694174
-0.406934 0.507353 0.000000 0.759603
-0.205686 0.217412 0.000000 0.954162
-0.365025 0.662937 0.000000 0.653660
-0.479328 0.531528 0.000000 0.698371
-0.729413 0.479624 0.000000 0.487767
-0.721167 0.504867 0.000000 0.474371
-0.270761 0.214920 0.000000 0.938348
0.224858 0.726460 0.000000 0.649380
0.805328 0.527864 0.000000 0.269827
0.567176 0.270665 0.000000 0.777851
0.430756 0.888886 0.000000 0.155983
0.075718 0.983014 0.000000 0.167184
0.507800 0.857831 0.000000 0.079154
-0.016017 0.710998 0.000000 -0.703012
-0.163255 0.918571 0.000000 -0.359967
0.646168 0.572495 0.000000 -0.504694
0.645082 0.575996 0.000000 -0.502093
0.491661 0.756675 0.000000 -0.430944
0.981249 -0.028187 0.000000 -0.190673
0.809954 0.555267 0.000000 -0.188821
0.745463 -0.076480 0.000000 -0.662145
0.621390 0.102401 0.000000 -0.776781
0.485833 0.293267 0.000000 -0.823384
0.270364 0.223605 0.000000 -0.936432
-0.552330 -0.111872 0.000000 -0.826085
-0.043471 0.546341 0.000000 -0.836434
-0.424896 0.902714 0.000000 -0.067611
0.408334 0.863939 0.000000 0.294741
0.645675 0.522938 0.000000 -0.556453
0.171062 -0.109187 0.000000 -0.979191
0.756114 -0.541800 0.000000 -0.367075
0.696881 -0.614512 0.000000 -0.369772
0.688077 -0.725345 0.000000 0.020598
0.409084 -0.903955 0.000000 -0.124559
0.356211 -0.611945 0.000000 0.706142
0.273617 -0.541850 0.000000 0.794690
-0.484170 -0.263717 0.000000 0.834286
0.156083 -0.319958 0.000000 0.934487
0.207706 0.552139 0.000000 0.807466
0.583455 0.777716 0.000000 0.233960
0.650398 0.640423 0.000000 0.408463
0.570934 -0.062928 0.000000 0.818581
0.912921 0.148378 0.000000 0.380209
0.797795 0.282304 0.000000 -0.532755
0.591763 0.762543 0.000000 0.261427
-0.187623 0.586999 0.000000 0.787546
-0.652124 -0.110633 0.000000 0.749997
-0.162279 -0.113806 0.000000 0.980160
-0.357564 0.650377 0.000000 0.670192
-0.766484 0.530956 0.000000 0.361369
-0.710618 0.251691 0.000000 0.657019
-0.867410 -0.373445 0.000000 0.328846
-0.038027 -0.877976 0.000000 0.477192
0.506976 -0.620316 0.000000 0.598485
-0.337458 -0.596224 0.000000 0.728449
-0.492898 -0.865437 0.000000 -0.089838
-0.355028 -0.678505 0.000000 -0.643107
-0.633206 -0.604424 0.000000 -0.483449
0.094922 -0.163793 0.000000 -0.981917
-0.198343 -0.646371 0.000000 -0.736794
-0.447951 -0.826586 0.000000 -0.340726
-0.915599 -0.186656 0.000000 -0.356142
-0.712431 -0.324052 0.000000 -0.622441
-0.587718 -0.799930 0.000000 -0.121242
-0.808152 -0.239205 0.000000 -0.538211
-0.225440 -0.242891 0.000000 -0.943494
-0.221678 -0.764155 0.000000 -0.605744
-0.109024 -0.011302 0.000000 -0.993975
0.263551 -0.127079 0.000000 -0.956238
0.849842 0.127023 0.000000 -0.511501
0.715096 -0.651676 0.000000 -0.252896
0.436151 -0.816171 0.000000 0.378994
0.799873 -0.525803 0.000000 0.289370
0.635510 -0.760229 0.000000 -0.134834
0.012377 -0.710011 0.000000 -0.704082
0.565817 -0.647538 0.000000 -0.510436
0.504972 -0.831003 0.000000 0.233316
0.136438 -0.927242 0.000000 0.348721
-0.309275 -0.825923 0.000000 -0.471381
-0.701642 -0.635414 0.000000 0.322409
-0.819445 -0.229676 0.000000 0.525127
-0.335673 0.229229 0.000000 0.913662
-0.602660 0.695832 0.000000 0.390666
-0.661732 -0.064434 0.000000 0.746967
0.211450 -0.159891 0.000000 0.964222
0.735612 -0.540871 0.000000 0.407840
0.964173 0.259869 0.000000 -0.053278
0.496999 0.815438 0.000000 0.296737
