100
-0.526374 -0.650942 0.000000 0.546997
-0.868967 0.244473 0.000000 0.430266
-0.028739 0.488795 0.000000 0.871925
0.536311 -0.299350 0.000000 0.789152
0.620815 -0.005168 0.000000 0.783940
0.744850 -0.495139 0.000000 0.447253
0.893041 0.321132 0.000000 0.315202
0.779214 0.275238 0.000000 -0.563090
0.957625 -0.223768 0.000000 0.181336
0.667120 -0.234283 0.000000 0.707150
0.887221 -0.385509 0.000000 0.253422
0.921261 -0.250955 0.000000 0.297154
0.828572 -0.487186 0.000000 -0.275894
0.815179 -0.379428 0.000000 -0.437628
0.550014 -0.732151 0.000000 0.401796
0.957056 0.016550 0.000000 0.289432
0.713891 0.652160 0.000000 0.255042
0.250470 0.469142 0.000000 0.846859
-0.002833 0.651594 0.000000 0.758562
0.512133 0.222236 0.000000 0.829657
-0.138754 0.829660 0.000000 0.540750
-0.476902 0.841422 0.000000 0.254112
-0.130918 0.988092 0.000000 0.080831
0.615050 0.613238 0.000000 0.495633
0.663755 0.620752 0.000000 0.417249
0.534700 0.374264 0.000000 0.757642
0.814381 0.570953 0.000000 0.103904
0.874293 0.095699 0.000000 0.475871
0.842459 0.029765 0.000000 0.537937
0.563225 0.774353 0.000000 0.288366
0.611150 0.751895 0.000000 -0.247285
0.955330 0.073446 0.000000 -0.286268
0.863985 0.490497 0.000000 0.113769
0.949120 0.094697 0.000000 0.300338
0.376398 -0.202387 0.000000 0.904082
0.683976 0.319273 0.000000 0.655928
0.868530 -0.426605 0.000000 0.252315
0.804263 -0.583225 0.000000 0.114058
0.512018 -0.206655 0.000000 0.833745
0.260587 -0.676951 0.000000 0.688355
0.532327 -0.820483 0.000000 -0.208412
0.682876 -0.661297 0.000000 -0.310429
0.948460 -0.267268 0.000000 0.170271
0.892503 0.364942 0.000000 -0.265060
0.784007 -0.079598 0.000000 0.615627
0.656242 -0.716893 0.000000 0.235395
0.828367 -0.557737 0.000000 -0.052325
0.046028 -0.897537 0.000000 0.438531
0.560403 -0.770024 0.000000 -0.304979
0.810105 -0.416297 0.000000 0.412828
0.271348 0.019673 0.000000 0.962280
0.210604 -0.335639 0.000000 0.918146
0.171430 -0.876745 0.000000 0.449367
0.465197 -0.873694 0.000000 0.142307
0.713695 -0.516400 0.000000 0.473256
0.480841 -0.095297 0.000000 0.871614
0.436718 -0.115970 0.000000 0.892092
-0.009763 -0.038970 0.000000 0.999193
0.718890 0.280919 0.000000 0.635832
0.224495 0.613086 0.000000 0.757448
0.250783 0.967812 0.000000 0.021151
0.833863 0.410797 0.000000 -0.368670
0.955742 0.294182 0.000000 -0.003682
0.617768 -0.193467 0.000000 0.762190
-0.100167 -0.758036 0.000000 0.644475
0.135889 -0.987530 0.000000 -0.079494
-0.618758 -0.714802 0.000000 -0.325879
-0.557556 -0.708317 0.000000 0.432918
-0.696008 -0.716864 0.000000 -0.040978
-0.817690 0.075859 0.000000 -0.570639
-0.275544 -0.654013 0.000000 -0.704515
-0.290490 -0.319948 0.000000 -0.901803
-0.533734 -0.161442 0.000000 -0.830099
-0.527295 0.696994 0.000000 -0.485962
0.444004 0.764621 0.000000 -0.467135
0.715361 0.557783 0.000000 -0.420876
0.381065 0.073029 0.000000 -0.921659
-0.051260 -0.271867 0.000000 -0.960969
0.378484 0.051759 0.000000 -0.924160
0.900111 -0.073711 0.000000 -0.429380
0.653275 0.546772 0.000000 -0.523710
0.434333 0.640546 0.000000 -0.633290
0.606750 0.650151 0.000000 -0.457337
0.578568 -0.035120 0.000000 -0.814878
0.291569 -0.775528 0.000000 -0.559951
-0.275749 -0.665049 0.000000 -0.694027
0.595913 -0.647615 0.000000 -0.474851
0.286139 -0.102870 0.000000 -0.952650
0.256668 -0.008748 0.000000 -0.966460
-0.345153 0.180087 0.000000 -0.921107
-0.466243 0.479423 0.000000 -0.743485
-0.504062 0.818587 0.000000 -0.275386
-0.294105 0.567603 0.000000 -0.768979
-0.733253 -0.223047 0.000000 -0.642332
-0.902213 -0.386674 0.000000 0.191036
-0.279353 -0.954978 0.000000 -0.099898
0.384021 -0.702674 0.000000 -0.598980
0.642923 -0.764160 0.000000 0.052064
0.489050 -0.457169 0.000000 0.742850
0.355263 -0.198731 0.000000 0.913397
