15
0.193714 0.895367 0.000000 0.400991
0.715652 0.227697 0.000000 0.660300
0.617732 0.190504 0.000000 0.762965
0.498866 0.554465 0.000000 0.666110
-0.042636 0.975236 0.000000 0.217019
0.078328 0.920262 0.000000 0.383384
0.012931 0.567596 0.000000 0.823206
-0.589500 0.294829 0.000000 0.752041
-0.980566 -0.144950 0.000000 0.132211
-0.620869 -0.748828 0.000000 0.231901
-0.481386 -0.527911 0.000000 0.699698
-0.786374 0.185280 0.000000 0.589311
-0.186388 0.859897 0.000000 0.475223
0.227830 0.623348 0.000000 0.748018
0.361384 0.931299 0.000000 -0.045645
