66
0.046411 -0.998734 0.000000 0.019406
-0.725590 -0.634585 0.000000 0.266121
-0.551133 -0.579998 0.000000 -0.599879
-0.258311 -0.839890 0.000000 -0.477347
-0.171438 -0.897656 0.000000 0.405984
-0.383778 -0.461997 0.000000 0.799546
-0.514658 -0.605421 0.000000 0.607118
-0.512115 -0.843759 0.000000 0.160650
-0.518840 -0.741878 0.000000 -0.424761
-0.324128 -0.914762 0.000000 -0.241146
-0.509158 -0.518663 0.000000 -0.686839
-0.837923 -0.132900 0.000000 -0.529360
-0.753770 0.653216 0.000000 -0.071687
-0.143769 0.540734 0.000000 -0.828817
0.670997 0.028389 0.000000 -0.740917
0.818867 0.181095 0.000000 -0.544666
0.959405 0.169789 0.000000 -0.225197
0.435630 0.150990 0.000000 -0.887372
0.137051 0.042883 0.000000 -0.989635
0.375388 0.725982 0.000000 -0.576224
0.311780 0.675732 0.000000 -0.667967
-0.524134 0.449952 0.000000 -0.723067
-0.747727 0.353888 0.000000 -0.561843
-0.671650 0.596273 0.000000 -0.439710
-0.748362 0.522637 0.000000 -0.408418
-0.802593 -0.044225 0.000000 -0.594885
-0.704592 -0.701663 0.000000 -0.105920
-0.554455 -0.633987 0.000000 0.539110
0.294266 -0.913326 0.000000 0.281501
0.637948 -0.662865 0.000000 -0.391961
0.611345 -0.558800 0.000000 0.560356
0.727873 -0.551306 0.000000 0.407752
0.872043 -0.232740 0.000000 0.430551
0.308529 -0.861547 0.000000 0.403170
-0.515382 -0.678234 0.000000 0.523814
-0.699931 -0.713601 0.000000 -0.029491
-0.282748 -0.952761 0.000000 0.110908
0.004721 -0.523000 0.000000 0.852319
-0.415864 -0.526315 0.000000 0.741653
-0.342824 0.323232 0.000000 0.882039
-0.093189 0.743624 0.000000 0.662072
0.451496 0.636757 0.000000 0.625053
0.211534 0.772041 0.000000 0.599338
0.904118 0.089098 0.000000 0.417890
0.566321 -0.321179 0.000000 0.759029
-0.287042 -0.589979 0.000000 0.754673
0.027719 -0.413080 0.000000 0.910273
-0.451164 -0.276098 0.000000 0.848658
-0.488934 0.590281 0.000000 0.642271
-0.790483 0.587533 0.000000 0.173034
-0.982608 0.185690 0.000000 -0.000897
-0.549407 0.351287 0.000000 -0.758122
0.060181 0.637178 0.000000 -0.768364
-0.125329 0.212273 0.000000 -0.969140
-0.499180 0.323154 0.000000 -0.803984
-0.064936 0.375246 0.000000 -0.924648
-0.453794 0.779260 0.000000 -0.432232
-0.686761 0.354360 0.000000 -0.634656
0.014236 0.479728 0.000000 -0.877302
0.011854 -0.357359 0.000000 -0.933892
0.623823 0.355433 0.000000 -0.696069
0.251399 -0.379827 0.000000 -0.890242
0.550449 -0.703585 0.000000 -0.449415
0.002358 -0.487253 0.000000 -0.873258
-0.531481 -0.722482 0.000000 -0.442209
-0.779100 -0.251285 0.000000 -0.574333
