30
-0.662424 0.627617 0.000000 -0.409012
-0.359534 0.753382 0.000000 -0.550591
0.520997 0.539954 0.000000 -0.661068
0.554950 0.827418 0.000000 -0.086080
0.510864 0.611623 0.000000 -0.604099
0.485120 0.303997 0.000000 -0.819905
0.333862 -0.108635 0.000000 -0.936341
0.570166 -0.544661 0.000000 -0.615025
0.786540 0.364303 0.000000 -0.498637
0.908689 -0.378880 0.000000 -0.175310
0.459765 -0.718934 0.000000 0.521297
0.284105 -0.263727 0.000000 0.921809
0.651154 -0.411970 0.000000 0.637401
0.388826 -0.846069 0.000000 0.364668
0.636966 -0.615170 0.000000 -0.464587
-0.049353 -0.162527 0.000000 -0.985469
0.199795 -0.189560 0.000000 -0.961327
0.468395 -0.699105 0.000000 -0.540239
0.028986 -0.698010 0.000000 -0.715501
-0.556712 -0.529087 0.000000 -0.640421
-0.099043 -0.178959 0.000000 -0.978859
-0.678702 -0.377051 0.000000 -0.630235
-0.419855 -0.860097 0.000000 -0.289749
-0.784596 -0.028635 0.000000 -0.619346
-0.660668 -0.699618 0.000000 -0.272127
-0.750242 -0.660450 0.000000 0.030709
-0.650424 -0.337762 0.000000 -0.680342
-0.270394 -0.655359 0.000000 -0.705260
-0.306532 -0.604297 0.000000 -0.735434
-0.408467 -0.755564 0.000000 -0.512130
0.000000 0.453453 1.192443 1.764344 2.272148 2.671093 3.084791 3.561224 4.166670 4.736466 5.258327 5.635775 5.995628 6.216889 6.528295 6.787876 6.907565 7.118231 7.273360 7.447797 7.625453 7.802128 7.965682 8.160567 8.323133 8.424473 8.581342 8.700714 8.744859 8.835447 
