[ keyframes captured from data/csb5.macro.ug, after scaling to unit cube ]
-0.15 -2.36 0    0.707107 0.707107 0 0
-0.15 -2.15759 0.0748429    0.669131 0.743145 0 0
-0.15 -1.95238 0.227127    0.649448 0.760406 2.49599e-10 6.51689e-10
-0.15 -1.66676 0.175749    0.719339 0.694658 3.10912e-10 6.24765e-10
-0.15 -1.47897 0.0491362    0.71325 0.700909 3.05448e-10 6.27455e-10
-0.15 -1.09973 0.00251045    0.71325 0.700909 3.05448e-10 6.27455e-10
-0.15 -0.899913 -0.0288842    0.707107 0.707107 0 0
-0.13 -0.729914 -0.0288842    0.705384 0.705384 -0.0493253 -0.0493253
-0.118866 -0.650692 -0.0288842    0.703851 0.703851 0.0677732 0.0677731
-0.140368 -0.594677 -0.0288842    0.688983 0.688983 0.159064 0.159064
-0.168382 -0.554331 -0.0288842    0.632814 0.632814 0.315509 0.315509
-0.192341 -0.536277 -0.0288842    0.612372 0.612372 0.353553 0.353553
-0.235642 -0.511277 -0.0288842    0.557207 0.557207 0.435338 0.435338
-0.29415 -0.498127 -0.0288842    0.541675 0.541675 0.454519 0.454519
-0.483824 -0.500109 -0.0288842    0.499999 0.499999 0.499999 0.499999
-0.613824 -0.500109 -0.0288842    0.499999 0.499999 0.499999 0.499999
-0.665785 -0.470109 -0.0288842    0.621417 0.621417 0.337402 0.337402
-0.698009 -0.433502 -0.0288842    0.681388 0.681388 0.188966 0.188966
-0.725557 -0.359272 -0.0288842    0.705787 0.705787 0.0431678 0.0431676
-0.735306 -0.259869 -0.0288842    0.707105 0.707105 3.31985e-08 -1.61705e-07
-0.725306 0.0501294 -0.0288842    0.662619 0.748954 4.32646e-08 -1.59372e-07
-0.725306 0.191725 0.00989487    0.824124 0.566405 3.6081e-09 -1.65352e-07
-0.745306 0.337076 -0.0151907    0.707107 0.707107 0 0
-0.735306 -0.0198703 -0.0288842    0.707105 0.707105 3.31985e-08 -1.61705e-07
-0.745306 0.320128 -0.0288842    0.706136 0.706136 -0.037007 -0.0370072
-0.734376 0.38914 -0.0288842    0.70256 0.70256 -0.0800465 -0.0800467
-0.713241 0.432264 -0.0288842    0.650894 0.650894 -0.276288 -0.276288
-0.663537 0.464935 -0.0288842    0.602906 0.602906 -0.369461 -0.369461
-0.568626 0.494117 -0.0288842    0.52959 0.52959 -0.468542 -0.468542
-0.368322 0.494371 -0.0288842    0.517144 0.517144 -0.482244 -0.482244
-0.198664 0.504835 -0.0288842    0.508649 0.508649 -0.491196 -0.491196
0.0119044 0.492176 -0.0288842    0.508649 0.508649 -0.491196 -0.491196
0.221775 0.499504 -0.0288842    0.537687 0.537687 -0.459228 -0.459228
0.302354 0.502142 -0.0288842    0.537687 0.537687 -0.459228 -0.459228
0.331462 0.494885 -0.0288842    0.435337 0.435337 -0.557206 -0.557206
0.365009 0.473099 -0.0288842    0.298835 0.298835 -0.640854 -0.640854
0.40646 0.430176 -0.0288842    0.194904 0.194904 -0.679712 -0.679712
0.426329 0.384683 -0.0288842    0.0861743 0.0861742 -0.701833 -0.701834
0.452339 0.348305 -0.0288842    0.0185098 0.0185097 -0.706861 -0.706862
0.439694 0.207451 -0.0288842    0.0181839 0.01883 -0.694417 -0.719091
0.436993 -0.122938 -0.0404216    0.0181839 0.01883 -0.694417 -0.719091
0.450077 -0.373139 -0.0291466    0.105683 0.103318 -0.686946 -0.711514
0.446944 -0.402957 -0.0301922    -0.0382913 -0.0357114 -0.693754 -0.7183
0.427054 -0.442988 -0.0315497    -0.321537 -0.309383 -0.621973 -0.643456
0.411866 -0.48259 -0.0325405    -0.423328 -0.407795 -0.56238 -0.581562
0.353968 -0.491159 -0.0346498    -0.486441 -0.468837 -0.512602 -0.529901
0.0937285 -0.501441 -0.0437294    -0.495615 -0.477712 -0.504341 -0.521331
-0.000993018 -0.49941 -0.0468842    -0.428387 -0.412687 -0.5588 -0.577845
-0.0370225 -0.488257 -0.0482783    -0.641211 -0.618663 -0.315949 -0.325988
-0.0924253 -0.421824 -0.0514149    -0.706226 -0.681784 -0.133183 -0.136618
-0.130093 -0.328482 -0.0329708    -0.688137 -0.700038 -0.129561 -0.140058
