56
-0.284054 -0.468701 0.000000 0.836440
-0.542214 0.463473 0.000000 0.700854
-0.180130 0.583737 0.000000 0.791710
-0.100901 0.989158 0.000000 -0.106703
-0.170062 0.793746 0.000000 -0.583991
-0.248065 0.282655 0.000000 -0.926590
-0.325927 0.704326 0.000000 -0.630632
-0.419099 0.434923 0.000000 -0.796993
-0.755108 0.648581 0.000000 0.095677
-0.831048 -0.202662 0.000000 0.517964
-0.793780 -0.192454 0.000000 0.576952
-0.647137 -0.753456 0.000000 -0.116264
-0.737230 -0.394505 0.000000 -0.548505
-0.887574 0.376904 0.000000 -0.264869
-0.382504 0.903269 0.000000 0.194412
0.204798 0.838340 0.000000 0.505216
0.196642 0.978562 0.000000 -0.061228
0.132865 0.937644 0.000000 -0.321201
-0.069049 0.980425 0.000000 -0.184389
0.600066 0.671450 0.000000 -0.434828
0.540329 0.437685 0.000000 -0.718663
-0.067079 0.778736 0.000000 -0.623756
0.421728 0.580669 0.000000 -0.696397
-0.315378 0.732408 0.000000 -0.603419
0.099905 0.051842 0.000000 -0.993646
-0.103740 0.642436 0.000000 -0.759285
0.541504 0.629769 0.000000 -0.556923
0.298579 0.896891 0.000000 0.326247
-0.367908 0.878693 0.000000 -0.304209
0.436731 0.887730 0.000000 0.145606
0.267538 0.957934 0.000000 -0.103857
0.327384 0.353307 0.000000 -0.876352
-0.164998 0.098140 0.000000 -0.981399
-0.831339 0.346723 0.000000 -0.434348
-0.630135 0.655794 0.000000 -0.415770
-0.555764 -0.153211 0.000000 -0.817100
-0.556440 -0.650898 0.000000 -0.516436
0.144898 -0.962886 0.000000 -0.227719
0.165476 -0.713750 0.000000 0.680572
0.777843 -0.135527 0.000000 0.613671
0.909617 -0.177371 0.000000 -0.375682
0.775040 0.588405 0.000000 0.230418
0.125973 0.991933 0.000000 0.014140
0.434504 0.741456 0.000000 0.511321
0.408835 0.795200 0.000000 0.447784
0.225338 0.886078 0.000000 -0.405079
0.840843 0.267982 0.000000 -0.470286
0.785456 -0.520193 0.000000 -0.335347
0.693395 -0.155971 0.000000 -0.703475
0.604674 0.651730 0.000000 -0.457840
0.723255 0.154790 0.000000 -0.673009
0.616903 0.539973 0.000000 -0.572590
0.331828 0.883336 0.000000 -0.331070
0.070626 0.986828 0.000000 0.145540
-0.426769 0.741824 0.000000 -0.517267
-0.517326 -0.165446 0.000000 -0.839644
