22
0.107312 0.909823 0.000000 0.400882
-0.513024 0.473202 0.000000 0.716161
-0.042542 0.353559 0.000000 0.934444
-0.375184 0.905678 0.000000 0.197445
-0.534880 0.522497 0.000000 0.664003
-0.416937 0.634487 0.000000 0.650838
-0.509346 0.594957 0.000000 0.621766
0.096211 0.748673 0.000000 0.655921
0.767797 0.638104 0.000000 0.057539
0.114079 0.911905 0.000000 -0.394228
-0.538285 0.791293 0.000000 0.290008
-0.647910 0.614184 0.000000 -0.450545
-0.626222 0.334741 0.000000 -0.704126
-0.104872 -0.371435 0.000000 -0.922517
-0.375721 0.386109 0.000000 -0.842469
0.227269 0.566912 0.000000 -0.791808
-0.532161 0.151930 0.000000 -0.832900
-0.718833 0.642109 0.000000 -0.266413
-0.766274 0.623871 0.000000 -0.153651
-0.589421 0.542362 0.000000 -0.598687
-0.787050 -0.404586 0.000000 -0.465685
-0.870201 -0.209381 0.000000 -0.445993
